"","Id","LotFrontage","LotArea","OverallQual","OverallCond","MasVnrArea","ExterQual","ExterCond","BsmtQual","BsmtCond","BsmtExposure","BsmtFinType1","BsmtFinType2","HeatingQC","BsmtFullBath","BsmtHalfBath","FullBath","HalfBath","BedroomAbvGr","KitchenAbvGr","KitchenQual","TotRmsAbvGrd","Fireplaces","FireplaceQu","GarageYrBlt","GarageCars","GarageQual","GarageCond","WoodDeckSF","OpenPorchSF","EnclosedPorch","X3SsnPorch","ScreenPorch","PoolArea","PoolQC","MiscVal","MoSold","SalePrice","log.SalePrice","tot.space","built.period","remod.period"
"Id",1,-0.0230509666807931,-0.0376357993385518,-0.0298999900584562,0.012801844547221,-0.0537034983000202,0.00410351121983689,0.0299666243772875,-0.029135150603215,0.0100520988002046,0.015937717913777,-0.0178980836368557,-0.0305437865004321,-0.0153351179077447,-0.000344437825712444,-0.0200871630940464,0.00594263386179647,0.00637166041375639,0.0376908508808714,0.00302715799302099,0.0142780451957432,0.0254584157095254,-0.0229795192919778,0.00134533755937474,0.00702501217760369,0.0172787049715875,0.0138324463556813,0.00852206962352267,-0.0304501379264987,-0.00195372382244356,0.00301680472897374,-0.0466298763013337,0.00142532734797476,0.0484627231774985,0.032986479997591,-0.00621661800535917,0.0236652119456141,-0.0214600771415548,-0.0175285987355352,-0.00608698083171672,0.0131816145100973,0.0224652305950401
"LotFrontage",-0.0230509666807931,1,0.593334688099232,0.176656040335,-0.0298713931031641,0.149198752507212,0.115654787337631,-0.0017496937452373,0.110126741832101,0.0475539839112223,0.19385154779573,0.0692555058300498,0.0531739337091958,0.0632974915467584,0.0934464553010981,0.0352634303322653,0.177832438043526,0.0172497507422345,0.23404292405622,-0.00462099391971884,0.131470556139469,0.285935063403703,0.261221670930872,0.225820130160788,0.0503329423560899,0.258145593895812,0.109696561908092,0.104565929495275,0.122425530437502,0.106149294561215,0.0129856952841027,0.0650622600305368,0.0310609678119362,0.0937765691937595,0.127313378689178,0.0277667466014823,0.0164968870851461,0.340862812044342,0.34527136264913,0.380072791308366,-0.0798506383948773,-0.0559743597584605
"LotArea",-0.0376357993385518,0.593334688099232,1,0.0912374052505452,-0.0026423599733088,0.0835754283094512,0.0400433926440756,0.0163384907096022,0.0632455789673445,0.0310607235019809,0.219859739379423,0.053304551458381,0.0894153284719141,-0.00166053870224679,0.147353408243321,0.0501078238605959,0.11958322503302,0.00717431093359709,0.120288738370937,-0.0167629880947818,0.0557338278590843,0.175335010263601,0.261119272171442,0.180900739547578,-0.00332004985592838,0.152371378945446,0.0787995964978397,0.0755231932631848,0.168774050780198,0.0617670056056607,-0.0164502553340936,0.0213807529123723,0.0453320004506243,0.0365020511522048,0.0414802986787612,0.0390866789707061,0.00564738248444598,0.268118073830297,0.260482929260359,0.270295636615206,-0.00787216080851257,-0.00821389543559628
"OverallQual",-0.0298999900584562,0.176656040335,0.0912374052505452,1,-0.0900176981402211,0.398141487635875,0.723052175084417,0.0151937492790039,0.626825825482378,0.269848779722325,0.291277127012617,0.230878629793409,-0.0432829460332648,0.455955863740041,0.104892719871742,-0.0392319108313915,0.548144710497288,0.269614214527247,0.101512571968593,-0.184000106839645,0.670093372770765,0.420144285835937,0.392204066405285,0.488719796015852,0.553497884591154,0.600127379063554,0.292951159802216,0.28745856187379,0.237669886155617,0.296789831215613,-0.11291324538719,0.0311221253719093,0.0666010602385578,0.0448485844673032,0.0622223134241492,-0.0311752112397577,0.0719971976892129,0.795658954758919,0.821258901381435,0.703553512758785,-0.57117975688216,-0.551217186583347
"OverallCond",0.012801844547221,-0.0298713931031641,-0.0026423599733088,-0.0900176981402211,1,-0.123923498114247,-0.137110648797381,0.389039396812943,-0.163706930923042,0.13252473913471,-0.0555745258750501,-0.0141047585491117,0.101414316399279,-0.0131700604693319,-0.0539825959812883,0.117603627847599,-0.193250368929492,-0.0595709118463112,0.0131584604745695,-0.0872540858881106,-0.0244516590218168,-0.0554762228879128,-0.0221950905172572,-0.0557176376397074,-0.296131101740301,-0.184877970760227,0.0193459121683693,0.0169949651392024,-0.00294227604141184,-0.0295691583496955,0.0700021131286954,0.0253871130948989,0.0545418976345976,0.00229894697857422,-0.0105405162537888,0.0687028913081026,-0.00351467462032595,-0.077654189704389,-0.0364661452189079,-0.157395005007529,0.376710492574281,-0.0722469612047748
"MasVnrArea",-0.0537034983000202,0.149198752507212,0.0835754283094512,0.398141487635875,-0.123923498114247,1,0.334881731842792,-0.0168299908692944,0.270860928072966,0.0732538556127654,0.16642516198549,0.18177608660665,-0.043791042367506,0.153540711178323,0.0739114351663023,0.029121970676941,0.267218591033125,0.194114824362886,0.102847989362404,-0.0375822711717203,0.273539168029972,0.26759282402267,0.238888756602818,0.270988672436767,0.263259545883735,0.360031362804922,0.134766003774559,0.133537026752682,0.157498684159864,0.101234618790242,-0.108897965917152,0.0200333255471327,0.0644992593118136,-0.0203097277506174,-0.0274376657850403,-0.0292901934582271,-0.00549459479106527,0.477446763949444,0.430104579802054,0.44338527964919,-0.307924195282081,-0.172378302840032
"ExterQual",0.00410351121983689,0.115654787337631,0.0400433926440756,0.723052175084417,-0.137110648797381,0.334881731842792,1,0.0106404128165528,0.561880225812782,0.185870326621827,0.24453882271978,0.226193038200973,-0.0616584625934756,0.519513692159787,0.119594096305715,-0.0553242117311634,0.481123640159259,0.188641929960757,-0.0198314637526412,-0.151246864258473,0.712639545086936,0.288676442158348,0.243086656085154,0.358306700745032,0.581991769387735,0.524687766431209,0.219297527601829,0.214901720286145,0.207638845637143,0.279214730231323,-0.148741530585,0.0379098605085279,0.0143597978389366,0.0129856608428521,0.0301240940140657,-0.0391213596303255,0.0432038949307587,0.687059972884969,0.682314374382037,0.562530065900168,-0.596319036508724,-0.586896022712612
"ExterCond",0.0299666243772875,-0.0017496937452373,0.0163384907096022,0.0151937492790039,0.389039396812943,-0.0168299908692944,0.0106404128165528,1,-0.0185097487028528,0.144824637739719,0.00636505915408232,0.060854393726466,0.0695264967333574,0.0560058706086085,0.0387255068129476,0.0978670356378115,-0.00264899786914003,-0.0332712895544905,0.0151463362738447,-0.0504586508670623,0.0590013507751297,0.00216002878106538,0.0288465143907702,0.00632183264737293,-0.0568640679831767,-0.00880352431761509,0.0950652344313629,0.104083795830576,0.0470955631385472,0.0658751358103111,0.0349244935008506,0.00513980783799604,0.0284642075980468,0.0487272007662972,0.0586399546113529,0.0516090687084798,0.0273045530637366,0.0190198660472671,0.0495328372340931,0.0148228508831187,0.103688320732145,-0.0748999709825412
"BsmtQual",-0.029135150603215,0.110126741832101,0.0632455789673445,0.626825825482378,-0.163706930923042,0.270860928072966,0.561880225812782,-0.0185097487028528,1,0.635251783953843,0.39738877555284,0.377768554421694,0.0866623715054081,0.395540021914104,0.221080607182352,-0.0125448232997216,0.368433141069348,0.22624572439171,-0.0406198842192233,-0.277845097116034,0.507154262420603,0.179277193390914,0.225637872909133,0.304456355569369,0.563176761519774,0.447138539752113,0.181874568551791,0.192466064616997,0.25235942748451,0.246882904294598,-0.180835162684156,0.00853620208496884,0.0354666659537009,0.0132073743829343,0.0175847925155954,-0.0442283025602853,0.0157285936059137,0.586362015099355,0.616519142005992,0.536004231189862,-0.601274952692431,-0.51475789066643
"BsmtCond",0.0100520988002046,0.0475539839112223,0.0310607235019809,0.269848779722325,0.13252473913471,0.0732538556127654,0.185870326621827,0.144824637739719,0.635251783953843,1,0.256278470010006,0.299430736156968,0.24282035183289,0.171723671957099,0.156796326437247,0.0648747022487208,0.0418703367364469,0.134126105698397,0.00195616442617219,-0.267988463215429,0.182943686750879,0.0241802241021261,0.102621008881411,0.115320779699229,0.192904178690465,0.142624979033217,0.128691098294295,0.144565373306232,0.124184163662667,0.0973818655139203,-0.0411142231981471,-0.00912134817628629,0.0393804303061291,0.00752067562064432,0.00687119264190441,-0.0232193890203306,0.0251122193349241,0.212619606986004,0.274560225591816,0.260010467476545,-0.185461547748423,-0.19192994220583
"BsmtExposure",0.015937717913777,0.19385154779573,0.219859739379423,0.291277127012617,-0.0555745258750501,0.16642516198549,0.24453882271978,0.00636505915408232,0.39738877555284,0.256278470010006,1,0.345510021937811,0.127495525808703,0.149140841069832,0.334476520770539,0.0790993451993778,0.0949737719338677,-0.0382290161090488,-0.116651165545017,-0.12183461074654,0.2509564887769,0.0179244917583239,0.181511131658194,0.164547802944499,0.246721835312265,0.251867629555012,0.0764573931016275,0.0716541918369606,0.246044139404157,0.0743251808374916,-0.093924130145821,-0.0156010256210921,0.0430754166083383,0.0255212399488795,0.0340639858531682,-0.0171096129571123,0.0212065050770495,0.376828884304728,0.359011256956912,0.296779276918382,-0.290220250117787,-0.22364030919243
"BsmtFinType1",-0.0178980836368557,0.0692555058300498,0.053304551458381,0.230878629793409,-0.0141047585491117,0.18177608660665,0.226193038200973,0.060854393726466,0.377768554421694,0.299430736156968,0.345510021937811,1,0.0983646182903025,0.1553115115686,0.588152888025999,0.0781328077827328,0.0564013161363391,0.0294356528096127,-0.141261144305668,-0.164072377988031,0.248898786723431,-0.0648324596829736,0.138894437765803,0.105544859554391,0.282056520604699,0.194340111395407,0.146756414721267,0.148356856672494,0.170380187538064,0.0836841657119221,-0.136934406533043,0.0410609955158311,0.0224933019017478,0.0235461547401748,0.0316050813652812,0.012441166443397,-0.0335862059088462,0.306366197313426,0.336161677859948,0.231450787366375,-0.348177587659386,-0.220728733500866
"BsmtFinType2",-0.0305437865004321,0.0531739337091958,0.0894153284719141,-0.0432829460332648,0.101414316399279,-0.043791042367506,-0.0616584625934756,0.0695264967333574,0.0866623715054081,0.24282035183289,0.127495525808703,0.0983646182903025,1,-0.0270689231643577,0.170710094506398,0.103565645755553,-0.0914680055394349,-0.0179910888112673,-0.0204197869608245,-0.0901186987205572,-0.0286145541290322,-0.0390636012915112,0.0532714188466457,0.00070852701011512,-0.0386542662595064,-0.0229275338062795,0.0548689102620651,0.0503057119185859,0.0720641830536558,0.000190697107668187,0.0621237083811108,-0.00768755547710295,0.0502313837126413,0.0160922907479917,0.00829707376310273,0.0142418378133494,-0.0211272786752532,-0.00519274968836531,0.0142696093661784,0.048300069363658,0.0402899957561714,0.0407209065207901
"HeatingQC",-0.0153351179077447,0.0632974915467584,-0.00166053870224679,0.455955863740041,-0.0131700604693319,0.153540711178323,0.519513692159787,0.0560058706086085,0.395540021914104,0.171723671957099,0.149140841069832,0.1553115115686,-0.0270689231643577,1,0.0820821457966407,-0.0420717737711283,0.332126677459257,0.114254932389305,-0.0271925831741186,-0.171175939403807,0.503134670207563,0.161831350118168,0.127424913960894,0.20577000251071,0.463290170489606,0.324018786364572,0.145124452145464,0.154998529547449,0.130389895398542,0.172237221745499,-0.101179814000477,0.0599140819912006,-0.0344578560336212,-0.0577221471683631,-0.0276725088916125,-0.0267336197034553,0.0155609384233523,0.427704910256912,0.473604499187572,0.333331836545444,-0.447406847894322,-0.549864984743069
"BsmtFullBath",-0.000344437825712444,0.0934464553010981,0.147353408243321,0.104892719871742,-0.0539825959812883,0.0739114351663023,0.119594096305715,0.0387255068129476,0.221080607182352,0.156796326437247,0.334476520770539,0.588152888025999,0.170710094506398,0.0820821457966407,1,-0.147894301507797,-0.0681414520199243,-0.0338868238821834,-0.151629204315791,-0.0411792540745678,0.158025353662018,-0.0625460507185476,0.131250368990146,0.0753119502224125,0.135146345129819,0.131654158714733,0.0577654741831407,0.0632713865620203,0.173011208869682,0.0569472272045418,-0.0492856345083187,0.000159891838621447,0.0238569018734032,0.0453182218614428,0.0437125938178045,-0.0229347116681345,-0.0220810844633094,0.229088899026003,0.237832386062972,0.185125570841391,-0.182551875107152,-0.113189192372354
"BsmtHalfBath",-0.0200871630940464,0.0352634303322653,0.0501078238605959,-0.0392319108313915,0.117603627847599,0.029121970676941,-0.0553242117311634,0.0978670356378115,-0.0125448232997216,0.0648747022487208,0.0790993451993778,0.0781328077827328,0.103565645755553,-0.0420717737711283,-0.147894301507797,1,-0.0539956528774505,-0.0117495317873803,0.0466042154119738,-0.0380533336193528,-0.0292203021560979,-0.0228279310177127,0.0299374789528777,0.0191280883817611,-0.0539024873526697,-0.020333316835323,0.0237102592162224,0.024276142700657,0.0403794144689936,-0.0240689524589217,-0.00873536883677929,0.0350584717288521,0.0319916077173512,0.0231162013206567,0.0468802034779497,-0.00741055047030519,0.0329458346895181,-0.0167351620094809,-0.00495256975249237,-0.0135613177966554,0.0355198221234623,0.00879833664979414
"FullBath",0.00594263386179647,0.177832438043526,0.11958322503302,0.548144710497288,-0.193250368929492,0.267218591033125,0.481123640159259,-0.00264899786914003,0.368433141069348,0.0418703367364469,0.0949737719338677,0.0564013161363391,-0.0914680055394349,0.332126677459257,-0.0681414520199243,-0.0539956528774505,1,0.133429408240494,0.363795656400296,0.134098853176476,0.4316318789641,0.552817081446511,0.242127573211593,0.294656578939569,0.462376668341887,0.467837844136486,0.13994536489939,0.130388823964439,0.18663270911679,0.252406306128978,-0.114391747706695,0.0357864515661907,-0.00735080182463884,0.0457005872932147,0.0528509640596648,-0.0140769393521281,0.0544367786390138,0.56195014517246,0.595681444330381,0.599589185529899,-0.46692622598595,-0.438917599623137
"HalfBath",0.00637166041375639,0.0172497507422345,0.00717431093359709,0.269614214527247,-0.0595709118463112,0.194114824362886,0.188641929960757,-0.0332712895544905,0.22624572439171,0.134126105698397,-0.0382290161090488,0.0294356528096127,-0.0179910888112673,0.114254932389305,-0.0338868238821834,-0.0117495317873803,0.133429408240494,1,0.226595581777579,-0.0678365165678343,0.176194757556366,0.340326718346053,0.200822897432248,0.199754368558204,0.207236594627472,0.216883557955812,0.114637850607138,0.120391252069512,0.107395218187368,0.194727544800554,-0.0945676673401089,-0.00468576633724333,0.0732280249731872,0.0131581029591726,-0.000765548366475023,0.00151415005168575,-0.00909371764099778,0.284049900868347,0.313582687429481,0.2390355212256,-0.240428762939175,-0.18170152691579
"BedroomAbvGr",0.0376908508808714,0.23404292405622,0.120288738370937,0.101512571968593,0.0131584604745695,0.102847989362404,-0.0198314637526412,0.0151463362738447,-0.0406198842192233,0.00195616442617219,-0.116651165545017,-0.141261144305668,-0.0204197869608245,-0.0271925831741186,-0.151629204315791,0.0466042154119738,0.363795656400296,0.226595581777579,1,0.198682697723655,-0.0188664224500985,0.680490739576167,0.107555108863475,0.0938946540520166,-0.0641215942441445,0.0858661999567463,-0.00473398232494643,-0.00623518812744232,0.0467670437073208,0.094130111834349,0.0416983024710754,-0.0244395792633184,0.0443953753586324,0.073006881516204,0.0675011652786137,0.00779681958536234,0.0466414979163653,0.168191546503279,0.208998481965244,0.339186662830783,0.0694681555305696,0.0387054007575363
"KitchenAbvGr",0.00302715799302099,-0.00462099391971884,-0.0167629880947818,-0.184000106839645,-0.0872540858881106,-0.0375822711717203,-0.151246864258473,-0.0504586508670623,-0.277845097116034,-0.267988463215429,-0.12183461074654,-0.164072377988031,-0.0901186987205572,-0.171175939403807,-0.0411792540745678,-0.0380533336193528,0.134098853176476,-0.0678365165678343,0.198682697723655,1,-0.172349176057529,0.258846147499932,-0.123844736594461,-0.154525249674843,-0.151124956784005,-0.0502075164559521,-0.163845796041976,-0.181465112679694,-0.0900441921861541,-0.0697240125370727,0.0371625898275755,-0.0246524897896711,-0.0517372821734476,-0.0134905582320625,-0.0123255182293568,0.0623059070999745,0.0266478335582456,-0.135854598694321,-0.147439811443163,0.0123592119980475,0.175664679425632,0.151385167149457
"KitchenQual",0.0142780451957432,0.131470556139469,0.0557338278590843,0.670093372770765,-0.0244516590218168,0.273539168029972,0.712639545086936,0.0590013507751297,0.507154262420603,0.182943686750879,0.2509564887769,0.248898786723431,-0.0286145541290322,0.503134670207563,0.158025353662018,-0.0292203021560979,0.4316318789641,0.176194757556366,-0.0188664224500985,-0.172349176057529,1,0.279785529264256,0.25140422816519,0.350596938913633,0.533303725357515,0.507847495696255,0.238195617769111,0.232072074241252,0.220699583393855,0.249219913882994,-0.104757241613802,0.0229888366851062,0.0322057646321501,0.0468264945245566,0.0488116622440546,-0.0539705665555889,0.0521222550544739,0.662170635055678,0.669789674363281,0.539662953944065,-0.527229548223295,-0.624173134564739
"TotRmsAbvGrd",0.0254584157095254,0.285935063403703,0.175335010263601,0.420144285835937,-0.0554762228879128,0.26759282402267,0.288676442158348,0.00216002878106538,0.179277193390914,0.0241802241021261,0.0179244917583239,-0.0648324596829736,-0.0390636012915112,0.161831350118168,-0.0625460507185476,-0.0228279310177127,0.552817081446511,0.340326718346053,0.680490739576167,0.258846147499932,0.279785529264256,1,0.319787591999628,0.35270827111817,0.133027043826548,0.36054922198947,0.0906062648140863,0.0798126876458585,0.163772083451189,0.219725807574706,0.00592992623324938,-0.00616287178844551,0.0611107008181242,0.0597857026753207,0.0604666835092224,0.025360134759116,0.0388443091984796,0.537502399177423,0.537398076824222,0.660521471756619,-0.0918942751259233,-0.190080180955247
"Fireplaces",-0.0229795192919778,0.261221670930872,0.261119272171442,0.392204066405285,-0.0221950905172572,0.238888756602818,0.243086656085154,0.0288465143907702,0.225637872909133,0.102621008881411,0.181511131658194,0.138894437765803,0.0532714188466457,0.127424913960894,0.131250368990146,0.0299374789528777,0.242127573211593,0.200822897432248,0.107555108863475,-0.123844736594461,0.25140422816519,0.319787591999628,1,0.864768586923729,0.0966481600888637,0.300694060259783,0.208723357275972,0.198106412031583,0.19866954707675,0.16069075598658,-0.0237331506688043,0.0117071585859456,0.186378908407118,0.0686903025400635,0.0636466604111579,0.00171231488943082,0.0508962752528327,0.469676533348416,0.491809249689518,0.464931388860388,-0.145424160608722,-0.1110896383541
"FireplaceQu",0.00134533755937474,0.225820130160788,0.180900739547578,0.488719796015852,-0.0557176376397074,0.270988672436767,0.358306700745032,0.00632183264737293,0.304456355569369,0.115320779699229,0.164547802944499,0.105544859554391,0.00070852701011512,0.20577000251071,0.0753119502224125,0.0191280883817611,0.294656578939569,0.199754368558204,0.0938946540520166,-0.154525249674843,0.350596938913633,0.35270827111817,0.864768586923729,1,0.185510265931313,0.368303176596076,0.221492391399235,0.210177896808855,0.218243920782194,0.162733735404524,-0.0418756972478744,0.0361346832546331,0.150906098114437,0.0411536590140591,0.0459892385665419,-0.0206856076484629,0.0546553165153821,0.520798775947272,0.546403173157641,0.501389084982352,-0.224148190641733,-0.197209309114578
"GarageYrBlt",0.00702501217760369,0.0503329423560899,-0.00332004985592838,0.553497884591154,-0.296131101740301,0.263259545883735,0.581991769387735,-0.0568640679831767,0.563176761519774,0.192904178690465,0.246721835312265,0.282056520604699,-0.0386542662595064,0.463290170489606,0.135146345129819,-0.0539024873526697,0.462376668341887,0.207236594627472,-0.0641215942441445,-0.151124956784005,0.533303725357515,0.133027043826548,0.0966481600888637,0.185510265931313,1,0.619019686955561,0.389475902353268,0.374096988797848,0.23696931767532,0.183685956103007,-0.312412332230648,0.0306402348491226,-0.0475129316582407,-0.0186066711152291,-0.0257625012620159,-0.0324568899075283,0.0108451888601212,0.508357211433771,0.568756973746379,0.42957584138154,-0.843794901531702,-0.604030805074455
"GarageCars",0.0172787049715875,0.258145593895812,0.152371378945446,0.600127379063554,-0.184877970760227,0.360031362804922,0.524687766431209,-0.00880352431761509,0.447138539752113,0.142624979033217,0.251867629555012,0.194340111395407,-0.0229275338062795,0.324018786364572,0.131654158714733,-0.020333316835323,0.467837844136486,0.216883557955812,0.0858661999567463,-0.0502075164559521,0.507847495696255,0.36054922198947,0.300694060259783,0.368303176596076,0.619019686955561,1,0.577110889249561,0.568873353453275,0.226569993599172,0.20943694652297,-0.150850456588009,0.0361229902986061,0.0512651526467727,0.0195366135681627,0.0231867805373313,-0.0429448118699721,0.0388573024902578,0.640797194738134,0.680739332049827,0.677026426401834,-0.537584635787188,-0.421778787247686
"GarageQual",0.0138324463556813,0.109696561908092,0.0787995964978397,0.292951159802216,0.0193459121683693,0.134766003774559,0.219297527601829,0.0950652344313629,0.181874568551791,0.128691098294295,0.0764573931016275,0.146756414721267,0.0548689102620651,0.145124452145464,0.0577654741831407,0.0237102592162224,0.13994536489939,0.114637850607138,-0.00473398232494643,-0.163845796041976,0.238195617769111,0.0906062648140863,0.208723357275972,0.221492391399235,0.389475902353268,0.577110889249561,1,0.959165750932333,0.119465542377624,0.0616026049851608,-0.0946504039188203,0.0354608908640474,0.0692777537791007,0.0350767708353599,0.0303970018054441,-0.00473742368243381,0.0148187866210476,0.273817717504266,0.363214270753429,0.30803174981126,-0.286685766542016,-0.148970014662778
"GarageCond",0.00852206962352267,0.104565929495275,0.0755231932631848,0.28745856187379,0.0169949651392024,0.133537026752682,0.214901720286145,0.104083795830576,0.192466064616997,0.144565373306232,0.0716541918369606,0.148356856672494,0.0503057119185859,0.154998529547449,0.0632713865620203,0.024276142700657,0.130388823964439,0.120391252069512,-0.00623518812744232,-0.181465112679694,0.232072074241252,0.0798126876458585,0.198106412031583,0.210177896808855,0.374096988797848,0.568873353453275,0.959165750932333,1,0.133606383855128,0.0510838046657989,-0.0977693441755751,0.0264198833108628,0.0721014594686948,0.0353548901008436,0.0306437321308595,-0.00161562410295282,0.0129941149464756,0.263164349324413,0.356717353605341,0.299294688396251,-0.290827648296088,-0.144275764898741
"WoodDeckSF",-0.0304501379264987,0.122425530437502,0.168774050780198,0.237669886155617,-0.00294227604141184,0.157498684159864,0.207638845637143,0.0470955631385472,0.25235942748451,0.124184163662667,0.246044139404157,0.170380187538064,0.0720641830536558,0.130389895398542,0.173011208869682,0.0403794144689936,0.18663270911679,0.107395218187368,0.0467670437073208,-0.0900441921861541,0.220699583393855,0.163772083451189,0.19866954707675,0.218243920782194,0.23696931767532,0.226569993599172,0.119465542377624,0.133606383855128,1,0.0540500757592855,-0.125830826521704,-0.0327081601691498,-0.0740392321258744,0.0690802308498389,0.0525472283525837,-0.00949190275725405,0.0218366989922886,0.325382451292211,0.334980700031729,0.298645908167683,-0.223117742255258,-0.203889986418771
"OpenPorchSF",-0.00195372382244356,0.106149294561215,0.0617670056056607,0.296789831215613,-0.0295691583496955,0.101234618790242,0.279214730231323,0.0658751358103111,0.246882904294598,0.0973818655139203,0.0743251808374916,0.0836841657119221,0.000190697107668187,0.172237221745499,0.0569472272045418,-0.0240689524589217,0.252406306128978,0.194727544800554,0.094130111834349,-0.0697240125370727,0.249219913882994,0.219725807574706,0.16069075598658,0.162733735404524,0.183685956103007,0.20943694652297,0.0616026049851608,0.0510838046657989,0.0540500757592855,1,-0.0920651423493886,-0.00513874014083981,0.077288240722877,0.0329540392008608,0.0254425922342068,-0.018270233100327,0.0721510224398171,0.320864308386164,0.324905943597857,0.319528701961886,-0.185890353108092,-0.226105734432425
"EnclosedPorch",0.00301680472897374,0.0129856952841027,-0.0164502553340936,-0.11291324538719,0.0700021131286954,-0.108897965917152,-0.148741530585,0.0349244935008506,-0.180835162684156,-0.0411142231981471,-0.093924130145821,-0.136934406533043,0.0621237083811108,-0.101179814000477,-0.0492856345083187,-0.00873536883677929,-0.114391747706695,-0.0945676673401089,0.0416983024710754,0.0371625898275755,-0.104757241613802,0.00592992623324938,-0.0237331506688043,-0.0418756972478744,-0.312412332230648,-0.150850456588009,-0.0946504039188203,-0.0977693441755751,-0.125830826521704,-0.0920651423493886,1,-0.0373968498023483,-0.0830814496853631,0.0600883197184406,0.110450230932463,0.0182983008081595,-0.0289486675153066,-0.128463075318924,-0.148833602022796,-0.0645975496776181,0.38596314732634,0.19276947263396
"X3SsnPorch",-0.0466298763013337,0.0650622600305368,0.0213807529123723,0.0311221253719093,0.0253871130948989,0.0200333255471327,0.0379098605085279,0.00513980783799604,0.00853620208496884,-0.00912134817628629,-0.0156010256210921,0.0410609955158311,-0.00768755547710295,0.0599140819912006,0.000159891838621447,0.0350584717288521,0.0357864515661907,-0.00468576633724333,-0.0244395792633184,-0.0246524897896711,0.0229888366851062,-0.00616287178844551,0.0117071585859456,0.0361346832546331,0.0306402348491226,0.0361229902986061,0.0354608908640474,0.0264198833108628,-0.0327081601691498,-0.00513874014083981,-0.0373968498023483,1,-0.031503381308172,-0.00742210903313735,-0.00678113823123998,0.000332967328838489,0.0295371379896826,0.0446536724354243,0.0550190839617883,0.039875091534045,-0.0308198093865911,-0.0444257828050034
"ScreenPorch",0.00142532734797476,0.0310609678119362,0.0453320004506243,0.0666010602385578,0.0545418976345976,0.0644992593118136,0.0143597978389366,0.0284642075980468,0.0354666659537009,0.0393804303061291,0.0430754166083383,0.0224933019017478,0.0502313837126413,-0.0344578560336212,0.0238569018734032,0.0319916077173512,-0.00735080182463884,0.0732280249731872,0.0443953753586324,-0.0517372821734476,0.0322057646321501,0.0611107008181242,0.186378908407118,0.150906098114437,-0.0475129316582407,0.0512651526467727,0.0692777537791007,0.0721014594686948,-0.0740392321258744,0.077288240722877,-0.0830814496853631,-0.031503381308172,1,0.0562823480317034,0.0129496635457967,0.0318996246724063,0.023269869114619,0.111618556111233,0.12148847616252,0.115408829897757,0.0501668927453642,0.0388631344107845
"PoolArea",0.0484627231774985,0.0937765691937595,0.0365020511522048,0.0448485844673032,0.00229894697857422,-0.0203097277506174,0.0129856608428521,0.0487272007662972,0.0132073743829343,0.00752067562064432,0.0255212399488795,0.0235461547401748,0.0160922907479917,-0.0577221471683631,0.0453182218614428,0.0231162013206567,0.0457005872932147,0.0131581029591726,0.073006881516204,-0.0134905582320625,0.0468264945245566,0.0597857026753207,0.0686903025400635,0.0411536590140591,-0.0186066711152291,0.0195366135681627,0.0350767708353599,0.0353548901008436,0.0690802308498389,0.0329540392008608,0.0600883197184406,-0.00742210903313735,0.0562823480317034,1,0.889371716218746,0.0319617043466321,-0.0185763123097418,0.0995582674637669,0.0744114602491469,0.087666492222559,0.00229881864365009,-0.000745130592871762
"PoolQC",0.032986479997591,0.127313378689178,0.0414802986787612,0.0622223134241492,-0.0105405162537888,-0.0274376657850403,0.0301240940140657,0.0586399546113529,0.0175847925155954,0.00687119264190441,0.0340639858531682,0.0316050813652812,0.00829707376310273,-0.0276725088916125,0.0437125938178045,0.0468802034779497,0.0528509640596648,-0.000765548366475023,0.0675011652786137,-0.0123255182293568,0.0488116622440546,0.0604666835092224,0.0636466604111579,0.0459892385665419,-0.0257625012620159,0.0231867805373313,0.0303970018054441,0.0306437321308595,0.0525472283525837,0.0254425922342068,0.110450230932463,-0.00678113823123998,0.0129496635457967,0.889371716218746,1,0.00954944922543918,-0.0109861229461044,0.127977702079545,0.0858993726803478,0.114366174234749,0.00999785237367842,-0.00211125076058172
"MiscVal",-0.00621661800535917,0.0277667466014823,0.0390866789707061,-0.0311752112397577,0.0687028913081026,-0.0292901934582271,-0.0391213596303255,0.0516090687084798,-0.0442283025602853,-0.0232193890203306,-0.0171096129571123,0.012441166443397,0.0142418378133494,-0.0267336197034553,-0.0229347116681345,-0.00741055047030519,-0.0140769393521281,0.00151415005168575,0.00779681958536234,0.0623059070999745,-0.0539705665555889,0.025360134759116,0.00171231488943082,-0.0206856076484629,-0.0324568899075283,-0.0429448118699721,-0.00473742368243381,-0.00161562410295282,-0.00949190275725405,-0.018270233100327,0.0182983008081595,0.000332967328838489,0.0318996246724063,0.0319617043466321,0.00954944922543918,1,-0.00650748099480976,-0.0211543938954444,-0.0199566891979489,-0.015572041254785,0.0343796936813501,0.0104143159837678
"MoSold",0.0236652119456141,0.0164968870851461,0.00564738248444598,0.0719971976892129,-0.00351467462032595,-0.00549459479106527,0.0432038949307587,0.0273045530637366,0.0157285936059137,0.0251122193349241,0.0212065050770495,-0.0335862059088462,-0.0211272786752532,0.0155609384233523,-0.0220810844633094,0.0329458346895181,0.0544367786390138,-0.00909371764099778,0.0466414979163653,0.0266478335582456,0.0521222550544739,0.0388443091984796,0.0508962752528327,0.0546553165153821,0.0108451888601212,0.0388573024902578,0.0148187866210476,0.0129941149464756,0.0218366989922886,0.0721510224398171,-0.0289486675153066,0.0295371379896826,0.023269869114619,-0.0185763123097418,-0.0109861229461044,-0.00650748099480976,1,0.0457544798814095,0.056646901679408,0.050247185103145,-0.0188476813602856,-0.0309216681914352
"SalePrice",-0.0214600771415548,0.340862812044342,0.268118073830297,0.795658954758919,-0.077654189704389,0.477446763949444,0.687059972884969,0.0190198660472671,0.586362015099355,0.212619606986004,0.376828884304728,0.306366197313426,-0.00519274968836531,0.427704910256912,0.229088899026003,-0.0167351620094809,0.56195014517246,0.284049900868347,0.168191546503279,-0.135854598694321,0.662170635055678,0.537502399177423,0.469676533348416,0.520798775947272,0.508357211433771,0.640797194738134,0.273817717504266,0.263164349324413,0.325382451292211,0.320864308386164,-0.128463075318924,0.0446536724354243,0.111618556111233,0.0995582674637669,0.127977702079545,-0.0211543938954444,0.0457544798814095,1,0.948367182827922,0.853797821401649,-0.523729328776781,-0.509371449144172
"log.SalePrice",-0.0175285987355352,0.34527136264913,0.260482929260359,0.821258901381435,-0.0364661452189079,0.430104579802054,0.682314374382037,0.0495328372340931,0.616519142005992,0.274560225591816,0.359011256956912,0.336161677859948,0.0142696093661784,0.473604499187572,0.237832386062972,-0.00495256975249237,0.595681444330381,0.313582687429481,0.208998481965244,-0.147439811443163,0.669789674363281,0.537398076824222,0.491809249689518,0.546403173157641,0.568756973746379,0.680739332049827,0.363214270753429,0.356717353605341,0.334980700031729,0.324905943597857,-0.148833602022796,0.0550190839617883,0.12148847616252,0.0744114602491469,0.0858993726803478,-0.0199566891979489,0.056646901679408,0.948367182827922,1,0.852816835912737,-0.587421177249947,-0.568183813282268
"tot.space",-0.00608698083171672,0.380072791308366,0.270295636615206,0.703553512758785,-0.157395005007529,0.44338527964919,0.562530065900168,0.0148228508831187,0.536004231189862,0.260010467476545,0.296779276918382,0.231450787366375,0.048300069363658,0.333331836545444,0.185125570841391,-0.0135613177966554,0.599589185529899,0.2390355212256,0.339186662830783,0.0123592119980475,0.539662953944065,0.660521471756619,0.464931388860388,0.501389084982352,0.42957584138154,0.677026426401834,0.30803174981126,0.299294688396251,0.298645908167683,0.319528701961886,-0.0645975496776181,0.039875091534045,0.115408829897757,0.087666492222559,0.114366174234749,-0.015572041254785,0.050247185103145,0.853797821401649,0.852816835912737,1,-0.402002515243006,-0.381786347414864
"built.period",0.0131816145100973,-0.0798506383948773,-0.00787216080851257,-0.57117975688216,0.376710492574281,-0.307924195282081,-0.596319036508724,0.103688320732145,-0.601274952692431,-0.185461547748423,-0.290220250117787,-0.348177587659386,0.0402899957561714,-0.447406847894322,-0.182551875107152,0.0355198221234623,-0.46692622598595,-0.240428762939175,0.0694681555305696,0.175664679425632,-0.527229548223295,-0.0918942751259233,-0.145424160608722,-0.224148190641733,-0.843794901531702,-0.537584635787188,-0.286685766542016,-0.290827648296088,-0.223117742255258,-0.185890353108092,0.38596314732634,-0.0308198093865911,0.0501668927453642,0.00229881864365009,0.00999785237367842,0.0343796936813501,-0.0188476813602856,-0.523729328776781,-0.587421177249947,-0.402002515243006,1,0.593066181393098
"remod.period",0.0224652305950401,-0.0559743597584605,-0.00821389543559628,-0.551217186583347,-0.0722469612047748,-0.172378302840032,-0.586896022712612,-0.0748999709825412,-0.51475789066643,-0.19192994220583,-0.22364030919243,-0.220728733500866,0.0407209065207901,-0.549864984743069,-0.113189192372354,0.00879833664979414,-0.438917599623137,-0.18170152691579,0.0387054007575363,0.151385167149457,-0.624173134564739,-0.190080180955247,-0.1110896383541,-0.197209309114578,-0.604030805074455,-0.421778787247686,-0.148970014662778,-0.144275764898741,-0.203889986418771,-0.226105734432425,0.19276947263396,-0.0444257828050034,0.0388631344107845,-0.000745130592871762,-0.00211125076058172,0.0104143159837678,-0.0309216681914352,-0.509371449144172,-0.568183813282268,-0.381786347414864,0.593066181393098,1
